id,Country,2020-12-26,2021-01-02,2021-01-09,2021-01-16,2021-01-23,2021-01-30,2021-02-06,2021-02-13,2021-02-20,2021-02-27,2021-03-06,2021-03-13,2021-03-20,2021-03-27
0,"Afghanistan",2133,2220,2311,2405,2504,2607,2715,2827,2944,3066,3193,3326,3464,3607
1,"Albania",1163,1254,1339,1418,1489,1554,1611,1661,1704,1742,1774,1801,1824,1844
2,"Algeria",2723,2768,2804,2835,2860,2881,2899,2914,2926,2937,2945,2953,2959,2964
3,"Andorra",81,83,84,84,85,85,85,85,85,85,85,85,85,85
4,"Angola",404,423,441,459,477,494,510,526,542,557,571,585,599,612
5,"Antigua and Barbuda",5,5,5,5,5,6,6,6,6,6,7,7,8,8
6,"Argentina",42719,43609,44523,45345,46111,46813,47455,48040,48571,49053,49488,49880,50234,50551
7,"Armenia",2758,2884,3004,3116,3219,3311,3391,3461,3520,3570,3611,3646,3674,3696
8,"Australia",908,908,908,908,908,908,908,908,908,908,908,908,908,908
9,"Austria",5897,6455,6966,7439,7870,8260,8610,8921,9196,9437,9648,9831,9990,10127
10,"Azerbaijan",2486,2805,3117,3414,3690,3940,4161,4353,4517,4655,4769,4863,4939,5001
11,"Bahamas",165,166,168,170,172,175,179,183,188,194,202,211,221,233
12,"Bahrain",351,353,354,356,358,359,360,361,362,363,364,365,366,366
13,"Bangladesh",7453,7637,7791,7918,8024,8112,8185,8246,8297,8338,8373,8402,8426,8445
14,"Barbados",7,7,7,7,7,7,7,7,7,7,7,7,7,7
15,"Belarus",1380,1448,1518,1588,1658,1726,1792,1855,1914,1969,2020,2066,2108,2145
16,"Belgium",19204,19891,20684,21612,22670,23842,25097,26397,27693,28941,30099,31140,32048,32819
17,"Benin",44,44,44,44,44,44,44,44,44,44,44,44,44,44
18,"Bhutan",0,0,0,0,0,0,0,0,0,0,0,0,0,0
19,"Bolivia",9062,9108,9176,9268,9391,9554,9770,10052,10418,10884,11470,12188,13043,14031
20,"Bosnia and Herzegovina",3946,4234,4486,4695,4868,5008,5122,5213,5285,5343,5389,5425,5453,5475
21,"Brazil",191866,197883,204411,211409,218808,226643,234822,243306,252032,260914,269878,278835,287699,296388
22,"Brunei",3,3,3,3,3,3,3,3,3,3,3,3,3,3
23,"Bulgaria",7396,8135,8713,9127,9420,9627,9770,9871,9940,9988,10021,10044,10060,10071
24,"Burkina Faso",79,89,103,124,155,200,266,363,506,712,1012,1442,2050,2898
25,"Cabo Verde",112,113,114,115,115,116,117,117,118,118,119,119,119,120
26,"Cambodia",0,0,0,0,0,0,0,0,0,0,0,0,0,0
27,"Cameroon",447,448,450,451,453,454,456,457,458,460,461,462,463,464
28,"Canada",15014,15893,16779,17657,18518,19351,20149,20905,21613,22271,22876,23428,23927,24377
29,"Central African Republic",63,63,63,63,63,63,63,63,63,63,63,63,63,63
30,"Chad",102,102,102,102,102,102,102,102,102,102,102,102,102,102
31,"Chile",16387,16708,17070,17473,17919,18406,18933,19496,20091,20711,21347,21992,22635,23267
32,"China",4775,4788,4800,4812,4823,4834,4844,4854,4864,4874,4883,4892,4900,4909
33,"Colombia",41642,43095,44803,46786,49043,51555,54281,57160,60114,63056,65900,68572,71014,73190
34,"Congo (Brazzaville)",102,108,117,129,147,173,210,262,337,443,593,805,1103,1516
35,"Congo (Kinshasa)",390,415,445,478,515,557,605,659,720,789,867,954,1054,1166
36,"Costa Rica",2086,2175,2254,2323,2382,2432,2475,2511,2542,2567,2588,2605,2620,2632
37,"Cote d'Ivoire",133,133,133,133,133,133,133,133,133,133,133,133,133,133
38,"Croatia",3644,4182,4691,5134,5501,5792,6015,6181,6303,6391,6453,6497,6528,6550
39,"Diamond Princess",13,13,13,13,13,13,13,13,13,13,13,13,13,13
40,"Cuba",137,137,137,137,137,137,138,138,138,138,138,138,138,138
41,"Cyprus",105,125,149,178,212,251,292,335,377,417,452,482,507,527
42,"Czechia",11091,12115,13448,14976,16622,18277,19832,21198,22331,23225,23903,24402,24761,25015
43,"Denmark",1119,1270,1467,1721,2036,2408,2823,3258,3684,4075,4412,4687,4902,5064
44,"Djibouti",61,61,61,61,61,61,61,61,61,61,61,61,61,61
45,"Dominican Republic",2403,2426,2449,2472,2493,2515,2535,2555,2574,2592,2610,2627,2643,2658
46,"Ecuador",14024,14084,14143,14199,14253,14303,14351,14396,14438,14477,14514,14549,14581,14612
47,"Egypt",7254,7466,7704,7970,8267,8598,8966,9377,9833,10341,10906,11532,12227,12997
48,"El Salvador",1295,1355,1426,1509,1607,1722,1857,2014,2196,2407,2650,2928,3243,3600
49,"Equatorial Guinea",85,85,85,85,85,85,85,85,85,85,85,85,85,85
50,"Eritrea",0,0,0,0,0,0,0,0,0,0,0,0,0,0
51,"Estonia",195,224,256,292,331,372,415,458,501,541,580,615,646,674
52,"Eswatini",147,165,197,251,342,494,743,1144,1761,2660,3859,5284,6760,8081
53,"Ethiopia",1896,1943,1987,2028,2066,2103,2137,2170,2200,2228,2255,2280,2304,2326
54,"Fiji",2,2,2,2,2,2,2,2,2,2,2,2,2,2
55,"Finland",528,566,599,627,650,669,685,698,708,717,724,730,735,738
56,"France",63098,65923,69108,72502,76062,79728,83435,87113,90694,94117,97333,100305,103010,105436
57,"Gabon",65,67,68,70,71,72,73,75,76,77,78,79,80,81
58,"Gambia",123,123,123,123,123,123,123,123,123,123,123,123,123,123
59,"Georgia",2373,2661,2898,3082,3216,3310,3375,3419,3448,3467,3480,3488,3493,3497
60,"Germany",30420,35354,40835,46712,52960,59520,66302,73216,80159,87026,93718,100145,106232,111919
61,"Ghana",335,340,344,349,353,357,361,365,369,373,377,380,384,387
62,"Greece",4612,5022,5359,5634,5855,6034,6178,6293,6385,6459,6517,6564,6601,6631
63,"Guatemala",4847,5077,5309,5537,5762,5985,6203,6419,6630,6838,7042,7242,7437,7629
64,"Guinea",81,81,81,82,82,82,82,82,83,83,83,83,83,83
65,"Guyana",162,166,169,172,175,177,180,182,184,186,187,189,191,192
66,"Haiti",235,235,236,237,239,240,242,245,248,252,256,262,269,277
67,"Holy See",0,0,0,0,0,0,0,0,0,0,0,0,0,0
68,"Honduras",3074,3122,3160,3187,3205,3218,3227,3233,3237,3240,3242,3243,3244,3245
69,"Hungary",9063,10031,10861,11547,12124,12599,12990,13311,13573,13786,13960,14100,14214,14306
70,"Iceland",28,28,28,28,29,29,29,29,29,29,29,29,29,29
71,"India",147803,149764,151495,153051,154448,155700,156822,157827,158726,159530,160248,160890,161463,161974
72,"Indonesia",20763,21932,23172,24489,25886,27367,28936,30594,32346,34194,36141,38190,40343,42602
73,"Iran",54874,56003,56894,57611,58185,58642,59006,59294,59522,59702,59845,59957,60046,60115
74,"Iraq",12790,12882,12959,13025,13082,13130,13171,13205,13235,13260,13281,13299,13314,13327
75,"Ireland",2186,2223,2270,2328,2398,2483,2584,2703,2842,3000,3176,3368,3572,3784
76,"Israel",3184,3337,3529,3759,4027,4329,4657,4999,5340,5668,5969,6235,6463,6652
77,"Italy",71725,74523,77145,79496,81551,83322,84829,86096,87153,88027,88747,89335,89814,90203
78,"Jamaica",298,313,328,343,358,373,388,402,416,430,443,456,469,481
79,"Japan",3030,3338,3674,4034,4422,4838,5285,5764,6277,6826,7413,8039,8706,9415
80,"Jordan",3748,3906,4031,4131,4211,4273,4322,4359,4388,4410,4427,4440,4450,4458
81,"Kazakhstan",2689,2753,2813,2869,2921,2969,3013,3053,3090,3123,3154,3182,3208,3231
82,"Kenya",1677,1710,1736,1756,1772,1784,1794,1801,1807,1811,1814,1817,1819,1821
83,"Korea, South",767,893,1050,1245,1487,1786,2156,2611,3169,3847,4667,5651,6819,8189
84,"Kuwait",925,932,939,944,950,954,959,962,966,969,972,974,976,978
85,"Kyrgyzstan",1348,1365,1380,1391,1400,1407,1412,1416,1419,1422,1424,1425,1426,1427
86,"Latvia",526,635,756,888,1028,1171,1312,1449,1577,1693,1796,1884,1960,2023
87,"Lebanon",1347,1425,1512,1603,1700,1800,1902,2005,2108,2208,2305,2397,2484,2564
88,"Liberia",83,83,83,83,83,83,83,83,83,83,83,83,83,83
89,"Liechtenstein",28,31,35,41,47,54,60,65,69,72,74,75,76,77
90,"Lithuania",1236,1512,1812,2101,2359,2576,2748,2878,2974,3043,3091,3124,3147,3163
91,"Luxembourg",477,518,554,581,600,613,622,628,632,634,636,637,638,638
92,"Madagascar",260,261,262,264,265,267,268,270,271,272,273,275,276,277
93,"Malaysia",461,492,525,561,598,639,681,727,775,825,878,934,993,1054
94,"Maldives",48,48,48,48,48,48,48,48,48,48,48,48,48,48
95,"Malta",203,217,230,241,251,260,268,275,281,286,290,294,297,299
96,"Mauritania",360,482,619,767,926,1097,1279,1473,1679,1895,2121,2357,2602,2853
97,"Mauritius",10,10,10,10,10,10,10,10,10,10,10,10,10,10
98,"Mexico",122407,127151,132048,136941,141805,146614,151343,155970,160473,164834,169036,173066,176914,180573
99,"Moldova",2911,3095,3270,3426,3562,3679,3776,3857,3923,3976,4019,4052,4079,4100
100,"Monaco",3,3,3,3,3,3,3,3,3,3,3,3,3,3
101,"Mongolia",0,0,0,0,0,0,0,0,0,0,0,0,0,0
102,"Montenegro",669,709,746,776,801,820,834,844,851,857,860,863,865,866
103,"Morocco",7210,7461,7684,7884,8062,8219,8359,8481,8589,8684,8767,8839,8902,8957
104,"Namibia",185,210,247,301,380,494,655,878,1173,1546,1988,2475,2969,3428
105,"Nepal",1852,1912,1960,2000,2033,2060,2081,2099,2114,2125,2135,2143,2149,2154
106,"Netherlands",11039,11703,12525,13456,14456,15466,16427,17289,18021,18616,19082,19435,19697,19889
107,"New Zealand",25,25,25,25,25,25,25,25,25,25,25,25,25,25
108,"Nicaragua",164,164,164,164,165,165,165,165,165,165,166,166,166,166
109,"Niger",93,101,109,116,123,130,136,142,147,152,157,162,166,170
110,"Nigeria",1252,1310,1392,1512,1684,1933,2293,2812,3559,4633,6174,8377,11509,15930
111,"North Macedonia",2437,2584,2724,2853,2971,3075,3166,3243,3308,3361,3406,3441,3470,3494
112,"Norway",419,434,449,464,479,494,509,523,537,550,563,575,587,598
113,"Oman",1505,1525,1542,1557,1569,1579,1588,1596,1603,1608,1613,1617,1620,1623
114,"Pakistan",9859,10370,10850,11304,11733,12138,12519,12879,13217,13536,13835,14117,14382,14630
115,"Panama",3738,3999,4308,4648,4998,5337,5644,5906,6119,6284,6408,6499,6565,6612
116,"Papua New Guinea",8,8,8,8,8,8,8,8,9,9,9,9,9,9
117,"Paraguay",2197,2325,2460,2599,2743,2890,3040,3192,3346,3500,3653,3806,3956,4104
118,"Peru",37166,37444,37684,37911,38117,38308,38483,38643,38790,38924,39047,39159,39262,39356
119,"Philippines",9074,9228,9381,9531,9678,9821,9961,10098,10231,10361,10487,10610,10729,10846
120,"Poland",27096,28706,30287,31790,33194,34482,35647,36683,37595,38388,39070,39653,40147,40563
121,"Portugal",6522,6957,7384,7770,8106,8394,8636,8837,9000,9133,9239,9324,9391,9444
122,"Qatar",245,247,248,249,250,251,251,252,252,252,252,252,252,252
123,"Romania",15203,16048,16821,17519,18143,18697,19186,19614,19988,20311,20591,20832,21038,21215
124,"Russia",53694,57711,61736,65738,69683,73539,77275,80867,84294,87539,90590,93440,96086,98528
125,"Rwanda",64,74,87,107,134,175,232,315,434,603,843,1181,1654,2304
126,"Saint Lucia",6,6,6,6,7,7,7,7,8,8,8,8,9,9
127,"Saint Vincent and the Grenadines",0,0,0,0,0,0,0,0,0,0,0,0,0,0
128,"San Marino",59,63,67,71,74,76,79,80,82,83,83,84,84,85
129,"Saudi Arabia",6181,6236,6285,6326,6361,6390,6415,6437,6455,6470,6483,6494,6504,6512
130,"Senegal",384,418,455,491,528,566,603,641,679,717,755,794,832,871
131,"Serbia",2992,3314,3583,3795,3955,4072,4156,4214,4255,4283,4302,4315,4324,4330
132,"Seychelles",0,0,0,0,0,0,0,0,0,0,0,0,0,0
133,"Singapore",29,29,29,29,29,29,29,29,29,29,29,29,29,29
134,"Slovakia",1874,2354,2951,3670,4512,5467,6509,7600,8694,9742,10706,11558,12285,12887
135,"Slovenia",2614,2914,3207,3471,3697,3882,4028,4140,4224,4286,4331,4364,4387,4404
136,"Somalia",126,128,131,133,137,140,144,149,155,161,169,177,187,199
137,"South Africa",26305,29006,32621,37552,44145,52881,64232,78646,96415,117531,141559,167574,194260,220149
138,"Spain",50026,51141,52344,53582,54837,56092,57327,58527,59675,60759,61770,62701,63549,64313
139,"Sri Lanka",193,217,240,264,286,308,330,351,372,392,411,430,448,465
140,"Sudan",1517,1609,1693,1765,1829,1884,1933,1975,2012,2045,2073,2097,2119,2138
141,"Suriname",118,119,122,128,145,185,280,478,807,1183,1463,1606,1664,1686
142,"Sweden",8484,9042,9607,10093,10497,10821,11074,11269,11416,11526,11607,11666,11710,11742
143,"Switzerland",7219,7878,8504,9083,9607,10076,10489,10848,11157,11419,11641,11826,11981,12109
144,"Tanzania",21,21,21,21,21,21,21,21,21,21,21,21,21,21
145,"Thailand",60,60,60,60,60,60,60,60,60,61,62,65,69,73
146,"Togo",66,66,66,66,66,66,66,66,66,66,66,66,66,67
147,"Trinidad and Tobago",123,123,123,123,123,123,123,123,123,123,123,123,123,123
148,"Tunisia",4410,4707,5033,5386,5765,6170,6597,7044,7507,7982,8463,8945,9424,9893
149,"Turkey",19820,21883,23664,24949,25855,26488,26925,27225,27431,27571,27667,27732,27776,27806
150,"Uganda",239,250,264,280,300,324,352,387,428,477,536,606,689,787
151,"Ukraine",18630,20035,21361,22589,23710,24717,25611,26396,27079,27667,28169,28597,28958,29262
152,"United Arab Emirates",658,683,706,729,750,770,788,805,820,834,846,857,867,876
153,"United Kingdom",70398,74388,79321,85042,91463,98405,105613,112788,119635,125908,131445,136170,140089,143263
154,"Uruguay",139,176,226,293,382,499,652,848,1092,1388,1734,2121,2534,2954
155,"US",336008,357795,379963,401111,420232,436694,450276,461093,469464,475800,480515,483980,486502,488325
156,"Uzbekistan",612,612,612,612,612,612,612,612,612,612,612,612,612,612
157,"Venezuela",1022,1064,1104,1144,1184,1222,1261,1298,1335,1372,1408,1443,1477,1511
158,"Vietnam",35,35,35,35,35,35,35,35,35,35,35,35,35,35
159,"Zambia",381,391,403,415,428,443,458,475,493,513,534,557,582,608
160,"Zimbabwe",328,339,350,361,372,384,396,408,420,432,445,458,471,484
161,"Dominica",0,0,0,0,0,0,0,0,0,0,0,0,0,0
162,"Grenada",0,0,0,0,0,0,0,0,0,0,0,0,0,0
163,"Mozambique",153,159,166,173,181,189,199,209,220,231,244,258,273,289
164,"Syria",705,835,995,1185,1410,1678,1995,2371,2816,3341,3961,4690,5547,6550
165,"Timor-Leste",0,0,0,0,0,0,0,0,0,0,0,0,0,0
166,"Belize",254,304,339,359,370,376,380,382,383,384,384,384,384,384
167,"Laos",0,0,0,0,0,0,0,0,0,0,0,0,0,0
168,"Libya",1404,1460,1507,1547,1579,1606,1628,1645,1660,1672,1681,1689,1696,1701
169,"West Bank and Gaza",1279,1435,1591,1743,1888,2026,2154,2273,2381,2479,2566,2644,2712,2772
170,"Guinea-Bissau",44,44,44,44,44,44,44,44,44,44,44,44,44,44
171,"Mali",253,288,318,341,359,374,385,395,402,408,412,416,418,421
172,"Saint Kitts and Nevis",0,0,0,0,0,0,0,0,0,0,0,0,0,0
173,"Kosovo",1308,1366,1421,1473,1521,1565,1606,1643,1677,1707,1735,1759,1781,1800
174,"Burma",2595,2754,2900,3035,3160,3276,3382,3479,3569,3651,3726,3796,3859,3917
175,"MS Zaandam",2,2,2,2,2,2,2,2,2,2,2,2,2,2
176,"Botswana",40,41,42,42,42,43,43,43,43,43,43,43,43,43
177,"Burundi",2,2,2,2,2,2,2,2,2,2,2,2,2,2
178,"Sierra Leone",75,75,75,75,75,75,76,76,76,77,78,80,83,88
179,"Malawi",188,190,194,203,221,260,341,513,874,1629,3191,6362,12546,23724
180,"South Sudan",62,62,62,62,62,62,62,62,62,62,62,62,62,62
181,"Western Sahara",0,0,0,0,0,0,0,0,0,0,0,0,0,0
182,"Sao Tome and Principe",17,17,17,17,17,17,17,17,17,17,17,17,17,17
183,"Yemen",606,606,606,606,606,606,606,606,606,606,606,606,606,606
