id,Country,2021-01-30,2021-02-06,2021-02-13,2021-02-20,2021-02-27,2021-03-06,2021-03-13,2021-03-20,2021-03-27,2021-04-03,2021-04-10,2021-04-17,2021-04-24,2021-05-01
0,"Afghanistan",2413,2455,2501,2548,2594,2640,2685,2729,2773,2816,2859,2900,2941,2982
1,"Albania",1355,1401,1449,1498,1547,1595,1643,1689,1734,1778,1821,1861,1900,1936
2,"Algeria",2884,2909,2935,2960,2985,3009,3034,3058,3082,3105,3129,3152,3175,3197
3,"Andorra",101,106,112,117,120,123,125,126,127,128,129,129,129,129
4,"Angola",478,504,530,555,581,606,631,657,682,707,733,758,783,809
5,"Antigua and Barbuda",6,6,6,6,6,6,6,6,6,6,6,6,6,6
6,"Argentina",47898,49116,50200,51208,52153,53034,53851,54606,55300,55937,56519,57049,57531,57967
7,"Armenia",3082,3130,3167,3199,3227,3253,3276,3298,3317,3334,3349,3363,3375,3387
8,"Australia",909,909,909,909,909,909,909,909,909,909,909,909,909,909
9,"Austria",7670,7943,8185,8408,8612,8797,8964,9116,9253,9375,9486,9584,9672,9751
10,"Azerbaijan",3139,3185,3216,3244,3270,3295,3319,3342,3364,3385,3405,3423,3441,3458
11,"Bahamas",175,175,175,175,175,175,175,175,175,175,175,175,175,175
12,"Bahrain",373,380,386,393,398,402,406,410,413,415,417,419,420,422
13,"Bangladesh",8128,8234,8323,8408,8492,8576,8659,8742,8823,8904,8985,9064,9143,9221
14,"Barbados",11,12,12,13,14,14,15,15,16,17,17,18,19,19
15,"Belarus",1704,1768,1831,1892,1953,2014,2073,2132,2188,2243,2297,2348,2397,2444
16,"Belgium",21041,21376,21705,21998,22255,22479,22673,22841,22987,23112,23220,23313,23393,23462
17,"Benin",48,48,48,49,49,49,49,49,50,50,50,50,50,50
18,"Bhutan",1,1,1,1,1,1,1,1,1,1,1,1,1,1
19,"Bolivia",10359,10868,11395,11927,12467,13012,13560,14109,14655,15196,15729,16252,16764,17261
20,"Bosnia and Herzegovina",4645,4712,4777,4842,4902,4959,5012,5062,5108,5152,5192,5229,5264,5296
21,"Brazil",222826,230582,237839,244603,250988,256978,262568,267760,272560,276979,281032,284737,288111,291176
22,"Brunei",3,3,3,3,3,3,3,3,3,3,3,3,3,3
23,"Bulgaria",9085,9309,9503,9689,9865,10030,10187,10333,10472,10601,10723,10837,10944,11043
24,"Burkina Faso",127,141,153,165,178,191,205,219,234,250,266,283,301,319
25,"Cabo Verde",131,138,145,151,158,164,170,175,181,186,191,196,201,205
26,"Cambodia",0,0,0,0,0,0,0,0,0,0,0,0,0,0
27,"Cameroon",463,465,466,467,468,470,471,472,472,473,474,475,476,477
28,"Canada",19418,20128,20738,21333,21927,22517,23102,23679,24246,24802,25343,25869,26378,26869
29,"Central African Republic",63,63,63,63,63,63,63,63,63,63,63,63,63,63
30,"Chad",119,124,128,132,136,141,145,150,156,161,168,174,181,188
31,"Chile",18393,19019,19678,20308,20899,21450,21961,22432,22865,23262,23624,23952,24250,24519
32,"China",4814,4827,4841,4851,4856,4859,4860,4861,4861,4862,4862,4862,4862,4862
33,"Colombia",53811,56851,59781,62610,65336,67942,70415,72745,74925,76953,78828,80553,82131,83568
34,"Congo (Brazzaville)",117,117,118,118,119,119,119,120,120,120,121,121,121,122
35,"Congo (Kinshasa)",678,699,718,736,754,773,792,812,831,852,872,893,915,937
36,"Costa Rica",2643,2758,2855,2948,3034,3115,3190,3259,3324,3383,3437,3487,3533,3575
37,"Cote d'Ivoire",148,152,156,161,165,169,174,178,183,187,192,197,201,206
38,"Croatia",4997,5156,5277,5383,5480,5567,5646,5716,5780,5837,5888,5934,5975,6011
39,"Diamond Princess",13,13,13,13,13,13,13,13,13,13,13,13,13,13
40,"Cuba",218,255,295,342,397,464,544,639,752,886,1044,1230,1448,1700
41,"Cyprus",198,206,212,217,221,226,231,235,239,242,246,249,252,255
42,"Czechia",16128,16919,17526,18037,18466,18823,19116,19355,19548,19703,19827,19926,20005,20067
43,"Denmark",2147,2287,2390,2482,2570,2653,2731,2804,2873,2938,2998,3053,3105,3153
44,"Djibouti",61,61,61,61,61,61,61,61,61,61,61,61,61,61
45,"Dominican Republic",2613,2724,2840,2957,3074,3192,3309,3426,3543,3657,3770,3881,3989,4094
46,"Ecuador",14808,15071,15332,15585,15834,16079,16320,16557,16788,17015,17236,17452,17663,17867
47,"Egypt",9261,9558,9818,10071,10325,10579,10833,11087,11342,11597,11852,12107,12362,12617
48,"El Salvador",1626,1705,1785,1868,1950,2033,2116,2200,2283,2366,2449,2532,2614,2696
49,"Equatorial Guinea",86,86,86,86,86,86,86,86,86,86,86,86,86,86
50,"Eritrea",7,7,7,7,7,7,7,7,7,7,7,7,7,7
51,"Estonia",419,469,517,564,611,658,703,747,789,829,866,901,933,963
52,"Eswatini",570,677,778,882,992,1108,1229,1356,1488,1624,1764,1907,2053,2200
53,"Ethiopia",2096,2130,2164,2198,2232,2266,2299,2332,2365,2397,2430,2461,2493,2525
54,"Fiji",2,2,2,2,2,2,2,2,2,2,2,2,2,2
55,"Finland",676,708,742,777,812,848,884,921,957,994,1030,1067,1104,1141
56,"France",75663,78986,82519,85839,88887,91669,94194,96473,98520,100351,101983,103432,104714,105846
57,"Gabon",67,68,70,71,73,74,75,77,78,79,81,82,83,84
58,"Gambia",129,131,133,135,137,139,141,143,145,146,148,150,151,153
59,"Georgia",3144,3236,3305,3364,3416,3461,3500,3535,3565,3590,3613,3632,3648,3662
60,"Germany",56497,60879,64423,67692,70846,73879,76786,79564,82209,84722,87103,89352,91473,93467
61,"Ghana",392,441,523,615,710,806,904,1005,1108,1213,1320,1429,1540,1654
62,"Greece",5798,5958,6096,6228,6356,6479,6599,6714,6825,6933,7036,7135,7231,7323
63,"Guatemala",5630,5888,6142,6391,6640,6887,7132,7376,7618,7857,8094,8328,8560,8788
64,"Guinea",81,81,81,81,81,81,81,81,81,81,81,81,81,81
65,"Guyana",174,177,181,185,189,193,196,200,204,208,212,216,220,223
66,"Haiti",244,247,250,252,255,257,260,262,265,267,269,272,274,276
67,"Holy See",0,0,0,0,0,0,0,0,0,0,0,0,0,0
68,"Honduras",3548,3695,3850,4007,4164,4320,4475,4629,4781,4931,5078,5223,5365,5503
69,"Hungary",12433,12911,13290,13636,13960,14262,14543,14804,15046,15269,15475,15664,15839,15999
70,"Iceland",29,29,29,29,29,29,29,29,29,29,29,29,29,29
71,"India",154289,155183,155996,156786,157564,158330,159083,159825,160555,161273,161978,162672,163354,164023
72,"Indonesia",29698,32237,34950,37831,40954,44335,47987,51928,56173,60737,65634,70879,76483,82456
73,"Iran",57913,58516,59115,59705,60285,60854,61412,61958,62491,63010,63515,64006,64482,64943
74,"Iraq",13034,13081,13129,13175,13221,13265,13307,13349,13389,13427,13465,13501,13536,13570
75,"Ireland",3275,3599,3803,3983,4153,4311,4456,4588,4708,4815,4911,4995,5070,5135
76,"Israel",4852,5364,5827,6257,6654,7012,7330,7608,7848,8052,8224,8367,8486,8584
77,"Italy",88384,91628,94446,97037,99451,101687,103750,105644,107378,108959,110396,111698,112876,113938
78,"Jamaica",347,363,382,400,419,438,458,477,496,515,535,554,573,593
79,"Japan",5633,6282,6875,7491,8158,8881,9662,10504,11412,12389,13438,14562,15765,17048
80,"Jordan",4293,4356,4410,4460,4507,4551,4592,4630,4665,4698,4729,4757,4783,4807
81,"Kazakhstan",2975,3000,3030,3061,3092,3123,3153,3183,3212,3241,3269,3297,3324,3350
82,"Kenya",1751,1759,1766,1773,1780,1787,1794,1800,1807,1814,1820,1826,1833,1839
83,"Korea, South",1431,1495,1548,1599,1650,1700,1750,1800,1849,1898,1946,1994,2041,2088
84,"Kuwait",958,966,973,979,986,991,997,1002,1006,1010,1014,1017,1020,1023
85,"Kyrgyzstan",1412,1424,1435,1446,1456,1465,1475,1483,1492,1500,1507,1515,1522,1528
86,"Latvia",1224,1373,1503,1627,1749,1869,1986,2098,2205,2306,2400,2489,2570,2645
87,"Lebanon",2692,3169,3602,4020,4437,4845,5237,5608,5952,6268,6553,6808,7033,7230
88,"Liberia",84,84,84,84,84,84,84,84,84,84,84,84,84,84
89,"Liechtenstein",53,54,55,56,56,57,57,58,58,58,59,59,59,59
90,"Lithuania",2786,2915,3018,3110,3192,3266,3331,3388,3438,3482,3520,3552,3581,3605
91,"Luxembourg",573,581,588,594,600,605,609,612,615,618,620,622,623,624
92,"Madagascar",282,287,298,310,321,333,344,355,365,376,386,396,406,415
93,"Malaysia",743,835,937,1052,1183,1332,1499,1688,1898,2131,2389,2671,2977,3306
94,"Maldives",52,53,54,56,57,58,59,60,61,62,63,64,64,65
95,"Malta",261,273,285,296,306,316,326,336,344,353,360,367,374,380
96,"Mauritania",425,432,437,442,447,452,456,461,465,470,474,478,482,486
97,"Mauritius",10,10,10,10,10,10,10,10,10,10,10,10,10,10
98,"Mexico",156661,167594,179351,191459,204108,217269,230910,244996,259482,274319,289452,304822,320363,336010
99,"Moldova",3442,3540,3633,3719,3800,3875,3946,4011,4072,4128,4180,4228,4272,4313
100,"Monaco",10,12,14,15,17,19,20,22,23,25,26,28,29,30
101,"Mongolia",2,2,2,2,2,2,2,2,2,2,2,2,2,2
102,"Montenegro",782,799,815,829,841,851,859,866,871,875,879,882,884,885
103,"Morocco",8303,8463,8603,8735,8865,8991,9115,9236,9354,9469,9581,9690,9796,9899
104,"Namibia",338,362,381,400,419,439,458,477,495,514,532,550,567,584
105,"Nepal",2040,2076,2107,2136,2166,2194,2222,2249,2275,2301,2326,2351,2374,2398
106,"Netherlands",14011,14400,14743,15057,15343,15602,15835,16042,16227,16390,16534,16661,16772,16869
107,"New Zealand",25,25,25,25,25,25,25,25,25,25,25,25,25,25
108,"Nicaragua",168,168,168,168,168,168,168,168,168,168,169,169,169,169
109,"Niger",158,166,171,176,182,187,192,197,202,207,212,216,221,226
110,"Nigeria",1572,1671,1772,1879,1997,2126,2266,2419,2586,2768,2966,3182,3417,3673
111,"North Macedonia",2848,2921,2980,3032,3080,3126,3167,3206,3242,3275,3305,3333,3358,3382
112,"Norway",565,584,598,612,625,638,651,664,676,689,701,713,724,735
113,"Oman",1530,1542,1557,1573,1587,1600,1612,1623,1633,1643,1651,1659,1667,1674
114,"Pakistan",11619,11948,12241,12522,12801,13078,13354,13627,13898,14167,14434,14699,14962,15222
115,"Panama",5290,5514,5680,5826,5957,6074,6178,6269,6349,6417,6476,6527,6570,6606
116,"Papua New Guinea",9,9,9,9,9,9,9,9,9,9,9,9,9,9
117,"Paraguay",2722,2850,2965,3076,3186,3294,3400,3504,3605,3703,3799,3891,3981,4067
118,"Peru",40202,41396,42957,44517,45975,47336,48602,49779,50869,51877,52808,53665,54454,55178
119,"Philippines",10545,10957,11382,11802,12220,12637,13050,13461,13869,14273,14675,15073,15468,15860
120,"Poland",36720,38307,39582,40727,41786,42762,43658,44480,45231,45915,46538,47103,47616,48079
121,"Portugal",12008,14266,16855,19547,22249,24873,27341,29593,31592,33323,34790,36011,37011,37820
122,"Qatar",248,248,248,248,249,249,249,249,249,249,249,249,249,249
123,"Romania",18229,18695,19065,19403,19721,20021,20302,20565,20811,21040,21253,21450,21633,21802
124,"Russia",71267,74537,77656,80700,83696,86632,89499,92288,94992,97606,100123,102540,104854,107062
125,"Rwanda",201,248,309,381,469,574,701,854,1038,1258,1522,1836,2210,2654
126,"Saint Lucia",13,19,25,34,47,63,85,113,149,194,248,310,378,450
127,"Saint Vincent and the Grenadines",2,2,2,2,2,2,2,2,2,2,2,2,2,2
128,"San Marino",65,65,65,65,65,65,65,65,65,65,65,65,65,65
129,"Saudi Arabia",6377,6416,6464,6511,6557,6602,6646,6688,6729,6769,6808,6846,6883,6918
130,"Senegal",636,721,808,900,998,1104,1217,1338,1467,1605,1752,1910,2077,2256
131,"Serbia",3993,4097,4182,4260,4330,4393,4450,4501,4546,4586,4621,4653,4680,4704
132,"Seychelles",3,3,3,3,3,3,3,3,3,3,3,3,3,3
133,"Singapore",29,29,29,29,29,29,29,29,29,29,29,29,29,29
134,"Slovakia",4452,4911,5269,5594,5899,6183,6447,6688,6909,7110,7292,7456,7603,7734
135,"Slovenia",3501,3650,3769,3872,3963,4040,4106,4162,4209,4248,4280,4307,4328,4346
136,"Somalia",130,130,130,130,130,130,130,130,130,130,130,130,130,130
137,"South Africa",43549,46546,48836,50952,53022,55034,56981,58856,60655,62373,64008,65558,67022,68401
138,"Spain",58155,61587,65527,69623,73651,77543,81235,84678,87837,90694,93241,95485,97442,99132
139,"Sri Lanka",302,327,355,385,417,450,486,523,563,605,649,695,744,795
140,"Sudan",1798,1984,2165,2318,2468,2614,2757,2896,3032,3165,3294,3420,3543,3663
141,"Suriname",154,161,167,174,180,187,193,199,206,212,218,224,229,235
142,"Sweden",11220,11539,11764,11954,12123,12273,12405,12522,12624,12712,12790,12856,12914,12964
143,"Switzerland",9394,9674,9906,10119,10307,10473,10617,10743,10852,10947,11028,11099,11159,11211
144,"Tanzania",21,21,21,21,21,21,21,21,21,21,21,21,21,21
145,"Thailand",78,80,83,86,89,92,95,98,101,105,109,113,117,121
146,"Togo",78,81,85,88,92,96,101,106,111,117,123,129,136,144
147,"Trinidad and Tobago",136,139,142,145,148,150,153,155,158,160,163,165,167,169
148,"Tunisia",6753,7482,8164,8844,9550,10278,11024,11784,12552,13325,14097,14862,15617,16357
149,"Turkey",25905,26665,27249,27771,28249,28687,29087,29451,29784,30087,30362,30612,30839,31045
150,"Uganda",323,327,329,332,335,338,340,343,346,348,351,354,356,359
151,"Ukraine",23748,24737,25607,26404,27171,27909,28615,29289,29931,30542,31122,31671,32189,32678
152,"United Arab Emirates",836,900,970,1045,1123,1205,1290,1376,1463,1550,1634,1716,1795,1869
153,"United Kingdom",105106,112774,119111,125019,130614,135836,140646,145022,148959,152466,155563,158276,160636,162677
154,"Uruguay",446,526,600,676,756,842,932,1026,1123,1224,1327,1433,1539,1645
155,"US",437295,457860,475221,490854,505012,517667,528851,538635,547119,554421,560662,565968,570456,574237
156,"Uzbekistan",622,624,625,627,629,630,632,633,635,636,638,639,641,642
157,"Venezuela",1189,1252,1321,1391,1460,1530,1599,1669,1738,1807,1876,1945,2013,2081
158,"Vietnam",35,35,35,35,35,35,35,35,35,35,35,35,35,35
159,"Zambia",751,918,1083,1263,1473,1716,1998,2324,2698,3127,3615,4167,4789,5484
160,"Zimbabwe",1385,1826,2172,2512,2875,3259,3668,4100,4558,5041,5552,6090,6656,7251
161,"Dominica",0,0,0,0,0,0,0,0,0,0,0,0,0,0
162,"Grenada",1,1,1,1,1,1,1,1,1,1,1,1,1,1
163,"Mozambique",428,561,710,885,1097,1354,1665,2042,2496,3043,3701,4489,5429,6547
164,"Syria",926,977,1023,1069,1116,1164,1213,1263,1313,1364,1417,1470,1523,1578
165,"Timor-Leste",0,0,0,0,0,0,0,0,0,0,0,0,0,0
166,"Belize",299,306,311,315,319,323,326,329,332,334,337,339,341,342
167,"Laos",0,0,0,0,0,0,0,0,0,0,0,0,0,0
168,"Libya",1858,1978,2102,2226,2347,2467,2584,2699,2811,2919,3025,3127,3226,3321
169,"West Bank and Gaza",1842,1892,1931,1966,2000,2032,2063,2091,2118,2143,2167,2188,2209,2228
170,"Guinea-Bissau",45,45,45,45,45,45,45,45,45,45,45,45,45,45
171,"Mali",329,335,338,342,345,348,352,355,358,361,364,367,370,373
172,"Saint Kitts and Nevis",0,0,0,0,0,0,0,0,0,0,0,0,0,0
173,"Kosovo",1504,1561,1613,1662,1709,1752,1793,1831,1866,1899,1929,1957,1983,2007
174,"Burma",3137,3221,3296,3369,3442,3514,3586,3658,3730,3801,3871,3942,4011,4081
175,"MS Zaandam",2,2,2,2,2,2,2,2,2,2,2,2,2,2
176,"Botswana",158,208,273,349,434,528,633,748,875,1014,1165,1329,1503,1690
177,"Burundi",2,2,2,2,2,2,2,2,2,2,2,2,2,2
178,"Sierra Leone",77,77,77,77,77,77,77,77,77,77,77,77,77,77
179,"Malawi",748,1364,2278,3589,5547,8457,12764,19094,28301,41494,60000,85197,118138,158984
180,"South Sudan",64,64,64,64,64,64,64,64,64,64,64,64,64,64
181,"Western Sahara",0,0,0,0,0,0,0,0,0,0,0,0,0,0
182,"Sao Tome and Principe",17,17,17,17,17,17,17,17,17,17,17,17,17,17
183,"Yemen",616,617,617,618,619,619,620,620,621,621,622,622,623,623
